1
1
1
1
1
1
1
1
1
1
1
1
1
1
1
1
1
1
1
1
1
1
1
1
1
1
1
1
1
1
1
1
1
1
1
1
1
1
1
1
1
1
1
1
1.075
1.04
2.85079
2.92
2.84
2.94
2.95
2.9
2.955
2.935
2.91
2.88
2.845
2.89
2.905
2.905
2.915
2.925
2.945
2.935
2.895
2.925
2.925
2.98
2.98
2.98
2.98
2.98
2.98
2.98
2.98
2.995
2.98
2.98
2.975
2.99
2.98
2.995
2.98
2.995
2.98
2.98
2.995
2.995
2.99
2.99
2.995
2.99
2.99
2.995
2.995
2.995
2.995
2.995
2.995
2.98
2.99
2.995
2.995
2.995
2.985
2.995
2.99
2.99
2.995
2.985
2.995
2.995
2.99
2.995
2.995
2.995
2.995
2.99
2.99
2.99
2.995
2.99
2.99
2.995
2.995
2.99
2.985
2.99
2.995
2.995
2.99
2.995
2.995
2.995
2.995
2.995
2.995
2.995
2.985
2.99
2.995
2.995
2.995
2.995
2.99
2.995
2.99
2.995
2.985
2.99
2.995
2.995
2.995
2.995
2.98
2.99
2.995
2.99
2.99
2.995
2.995
2.99
2.99
2.995
2.995
2.99
2.99
2.995
2.985
2.995
2.995
2.995
2.985
2.995
2.99
2.995
2.995
2.995
2.99
2.995
2.99
2.975
2.99
2.995
2.985
2.995
2.99
2.985
2.985
2.985
2.985
2.98
2.99
2.985
2.99
2.98
2.99
2.99
2.985
2.985
1.04717
1.94604
2.3148
2.51196
2.70679
2.84387
2.9282
2.97337
2.99308
2.99328
2.99999
3
3
3
3
3
3
3
3
3
3
3
3
3
3
3
3
3
3
3
