0 0.015 0.749833 0.374917 1.03731e-07 0.374917 
0 0.03 0.649993 0.324996 3.65004e-07 0.324996 
0 0.045 0.601325 0.300659 6.60997e-06 0.300659 
0 0.06 0.600232 0.300111 1.07947e-05 0.300111 
0 0.075 0.629513 0.314693 0.000127732 0.314693 
0 0.09 0.649978 0.324969 4.06582e-05 0.324969 
0 0.105 0.65 0.324987 2.59092e-05 0.324987 
0 0.12 0.65004 0.324993 5.42076e-05 0.324993 
0 0.135 0.699941 0.349931 7.84436e-05 0.349931 
0 0.15 0.700004 0.349983 3.73343e-05 0.349983 
0 0.165 0.700145 0.349992 0.000160907 0.349992 
0 0.18 0.749913 0.374892 0.000128483 0.374892 
0 0.195 0.750078 0.374976 0.000126959 0.374976 
0 0.21 0.79925 0.399234 0.000781945 0.399234 
0 0.225 0.800012 0.399904 0.000204805 0.399904 
0 0.24 0.801255 0.400001 0.00125404 0.400001 
0 0.255 0.84984 0.424689 0.000462735 0.424689 
0 0.27 0.850865 0.424873 0.0011189 0.424873 
0 0.285 0.899452 0.449216 0.00101977 0.449216 
0 0.3 0.900835 0.449749 0.00133762 0.449749 
0.1 0.015 1 0.475 0.0500001 0.475 
0.1 0.03 1 0.5 4.62589e-07 0.5 
0.1 0.045 1 0.5 8.62533e-07 0.5 
0.1 0.06 1 0.499999 2.93031e-06 0.499999 
0.1 0.075 0.926955 0.463344 0.000266129 0.463344 
0.1 0.09 0.86436 0.431911 0.000538225 0.431911 
0.1 0.105 0.850021 0.424977 6.60981e-05 0.424977 
0.1 0.12 0.849993 0.424964 6.49912e-05 0.424964 
0.1 0.135 0.849992 0.42497 5.22916e-05 0.42497 
0.1 0.15 0.850013 0.424974 6.48489e-05 0.424974 
0.1 0.165 0.850082 0.424979 0.000123581 0.424979 
0.1 0.18 0.850464 0.42498 0.000504116 0.42498 
0.1 0.195 0.899722 0.44967 0.000382615 0.44967 
0.1 0.21 0.900017 0.449904 0.000209234 0.449904 
0.1 0.225 0.900557 0.449939 0.000678371 0.449939 
0.1 0.24 0.949444 0.474324 0.000796412 0.474324 
0.1 0.255 0.95015 0.474831 0.000488087 0.474831 
0.1 0.27 0.962209 0.478932 0.0043449 0.478932 
0.1 0.285 0.999788 0.49967 0.000447818 0.49967 
0.1 0.3 1.00056 0.499852 0.000856571 0.499852 
0.2 0.015 1 0.5 1.2339e-07 0.5 
0.2 0.03 1 0.5 2.84627e-07 0.5 
0.2 0.045 1 0.5 7.87179e-07 0.5 
0.2 0.06 1 0.499999 2.52542e-06 0.499999 
0.2 0.075 1 0.499997 6.26698e-06 0.499997 
0.2 0.09 1 0.499995 1.05196e-05 0.499995 
0.2 0.105 1 0.49999 2.02032e-05 0.49999 
0.2 0.12 1 0.499982 3.5639e-05 0.499982 
0.2 0.135 1 0.499973 5.46183e-05 0.499973 
0.2 0.15 1 0.499966 6.78747e-05 0.499966 
0.2 0.165 1 0.499961 7.75425e-05 0.499961 
0.2 0.18 1 0.499959 8.28523e-05 0.499959 
0.2 0.195 1 0.499965 7.07031e-05 0.499965 
0.2 0.21 1 0.499975 5.0757e-05 0.499975 
0.2 0.225 1 0.499977 4.60176e-05 0.499977 
0.2 0.24 1.00007 0.499976 0.000113299 0.499976 
0.2 0.255 1.04885 0.523673 0.00150021 0.523673 
0.2 0.27 1.05031 0.524799 0.000708939 0.524799 
0.2 0.285 1.0968 0.546682 0.00344006 0.546682 
0.2 0.3 1.10033 0.549525 0.00128018 0.549525 
0.3 0.015 1 0.475 0.0500003 0.475 
0.3 0.03 1 0.475 0.0500012 0.475 
0.3 0.045 1 0.5 1.25302e-06 0.5 
0.3 0.06 1 0.499998 3.37823e-06 0.499998 
0.3 0.075 1 0.499997 5.95588e-06 0.499997 
0.3 0.09 1 0.499995 1.04979e-05 0.499995 
0.3 0.105 1 0.499991 1.8428e-05 0.499991 
0.3 0.12 1 0.499985 3.08006e-05 0.499985 
0.3 0.135 1 0.499976 4.7307e-05 0.499976 
0.3 0.15 1 0.499971 5.81034e-05 0.499971 
0.3 0.165 1 0.499965 6.90493e-05 0.499965 
0.3 0.18 1 0.499963 7.33254e-05 0.499963 
0.3 0.195 1 0.499965 7.28013e-05 0.499965 
0.3 0.21 1.04994 0.524863 0.000212626 0.524863 
0.3 0.225 1.07727 0.536885 0.00349567 0.536885 
0.3 0.24 1.1001 0.549832 0.000434658 0.549832 
0.3 0.255 1.14394 0.570212 0.00351562 0.570212 
0.3 0.27 1.15018 0.574661 0.000853467 0.574661 
0.3 0.285 1.18059 0.587114 0.00636596 0.587114 
0.3 0.3 1.2 0.59918 0.00164131 0.59918 
0.4 0.015 1 0.5 1.02633e-07 0.5 
0.4 0.03 1 0.475 0.0500008 0.475 
0.4 0.045 1 0.499999 1.22945e-06 0.499999 
0.4 0.06 1 0.499998 3.29193e-06 0.499998 
0.4 0.075 1 0.499997 5.66981e-06 0.499997 
0.4 0.09 1 0.499995 9.85561e-06 0.499995 
0.4 0.105 1 0.499992 1.67374e-05 0.499992 
0.4 0.12 1 0.499986 2.90042e-05 0.499986 
0.4 0.135 1 0.499978 4.3511e-05 0.499978 
0.4 0.15 1 0.499971 5.74448e-05 0.499971 
0.4 0.165 1.04979 0.524741 0.00030861 0.524741 
0.4 0.18 1.09966 0.549597 0.000468536 0.549597 
0.4 0.195 1.1004 0.549945 0.000515236 0.549945 
0.4 0.21 1.14997 0.574839 0.00029582 0.574839 
0.4 0.225 1.17409 0.585187 0.00371896 0.585187 
0.4 0.24 1.20007 0.59974 0.00059308 0.59974 
0.4 0.255 1.2274 0.610938 0.00552609 0.610938 
0.4 0.27 1.24999 0.62436 0.00127257 0.62436 
0.4 0.285 1.25893 0.626218 0.00649698 0.626218 
0.4 0.3 1.29906 0.64786 0.00334242 0.64786 
0.5 0.015 1 0.5 3.27453e-07 0.5 
0.5 0.03 1 0.5 5.47329e-07 0.5 
0.5 0.045 1 0.5 1.19645e-06 0.5 
0.5 0.06 1 0.499998 3.58083e-06 0.499998 
0.5 0.075 1 0.499998 4.85612e-06 0.499998 
0.5 0.09 1 0.499995 9.81728e-06 0.499995 
0.5 0.105 1 0.499992 1.62455e-05 0.499992 
0.5 0.12 1 0.499985 2.98827e-05 0.499985 
0.5 0.135 1.05001 0.524965 7.94492e-05 0.524965 
0.5 0.15 1.10015 0.549957 0.000232234 0.549957 
0.5 0.165 1.15009 0.574929 0.000233619 0.574929 
0.5 0.18 1.19987 0.599744 0.000377533 0.599744 
0.5 0.195 1.20343 0.600498 0.00242975 0.600498 
0.5 0.21 1.25003 0.624712 0.000608845 0.624712 
0.5 0.225 1.27651 0.635202 0.00610275 0.635202 
0.5 0.24 1.30003 0.649411 0.00120559 0.649411 
0.5 0.255 1.31065 0.651791 0.00706312 0.651791 
0.5 0.27 1.34929 0.673213 0.00286612 0.673213 
0.5 0.285 1.3533 0.673572 0.00615352 0.673572 
0.5 0.3 1.39212 0.690304 0.0115125 0.690304 
