0.483485
0.000405196
0.483485
0.505753
0.000497696
0.505753
0.503429
0.000496399
0.503429
0.50192
0.000470406
0.50192
0.50113
0.000440064
0.50113
0.500685
0.000409817
0.500685
0.500418
0.000379168
0.500418
0.500251
0.000347151
0.500251
0.500145
0.000314781
0.500145
0.500076
0.000286011
0.500076
0.500031
0.000261938
0.500031
0.5
0.000242274
0.5
0.49998
0.000226649
0.49998
0.499966
0.000213774
0.499966
0.499956
0.000202221
0.499956
0.49995
0.000191168
0.49995
0.499946
0.000183788
0.499946
0.499943
0.000179751
0.499943
0.499942
0.000177764
0.499942
0.499941
0.000177346
0.499941
0.499941
0.000178391
0.499941
0.499941
0.000181413
0.499941
0.499941
0.000187288
0.499941
0.499941
0.000195876
0.499941
0.499945
0.000203582
0.499945
0.499952
0.00021062
0.499952
0.499962
0.000218564
0.499962
0.499977
0.000229149
0.499977
0.5
0.000243113
0.5
0.500031
0.000261429
0.500031
0.500077
0.000284244
0.500077
0.500146
0.000312165
0.500146
0.500252
0.000344417
0.500252
0.500419
0.000376732
0.500419
0.500686
0.00040776
0.500686
0.501132
0.000438295
0.501132
0.501921
0.000468821
0.501921
0.503431
0.00049499
0.503431
0.505754
0.000496321
0.505754
0.483485
0.000404012
0.483485
